2.2 5.74 3.23 76.32 0.0 0.0 0.0 0.0 0.0 0.0 0.0 0.0 2.38 2.95 0.0 5.97 76.32 76.32 76.32 61.74 0.0 0.0 0.0 0.0 0.0 0.0 0.0 0.0 0.0 0.0
0.0 8.33 26.17 0.0 0.0 0.0 0.0 15.8 5.47 0.0 0.0 0.0 0.0 0.0 0.0 0.0 17.35 35.96 0.0 15.34 5.07 0.0 0.0 0.0 0.0 0.0 0.0 0.0 0.0 0.0
22.77 0.0 4.47 31.71 7.53 0.0 0.0 76.32 0.0 0.0 0.0 0.0 0.0 0.0 0.0 1.0 0.0 0.0 0.0 0.0 0.0 0.0 0.0 0.0 0.0 0.0 0.0 0.0 0.0 0.0
0.0 24.29 6.48 6.13 19.23 0.0 0.0 0.0 0.0 0.0 0.0 0.0 38.72 30.51 16.72 1.53 0.0 0.0 0.0 0.0 0.0 0.0 0.0 0.0 0.0 0.0 0.0 0.0 0.0 0.0
0.0 0.0 0.0 0.0 0.0 21.78 4.8 39.46 43.82 76.32 0.0 0.0 54.64 0.0 0.0 0.0 0.0 0.0 0.0 0.0 0.0 0.0 0.0 0.0 0.0 0.0 0.0 0.0 0.0 0.0
0.0 0.0 0.0 0.0 0.0 10.14 1.12 12.4 0.0 0.0 9.36 0.0 0.0 0.0 0.0 0.0 0.0 0.0 0.0 0.0 0.0 0.0 0.0 0.0 0.0 0.0 0.0 0.0 0.0 0.0
0.0 0.0 9.69 1.68 0.0 0.0 7.54 76.32 32.57 0.0 0.0 0.0 0.0 0.0 0.0 0.0 0.0 0.0 0.0 0.0 0.0 0.0 50.45 0.0 0.0 0.0 0.0 0.0 0.0 0.0
0.0 0.0 0.0 0.0 0.0 0.0 33.41 6.51 11.53 0.0 9.72 0.0 0.0 0.0 0.0 0.0 0.0 0.0 0.0 0.0 0.0 0.0 31.33 0.0 0.0 5.48 10.25 55.81 0.0 0.0
0.0 0.0 0.0 2.69 0.0 0.0 0.0 0.0 0.0 0.0 0.0 8.41 0.0 0.0 0.0 0.0 0.0 0.0 0.0 0.0 0.0 0.0 3.53 1.39 14.66 0.0 0.0 0.0 0.0 0.0
30.15 0.0 23.46 73.25 0.0 15.09 51.16 76.32 0.92 0.0 0.0 0.0 12.71 0.0 0.0 10.11 0.0 0.0 0.0 7.38 10.46 10.71 18.88 57.11 76.32 0.0 0.0 0.0 0.0 0.0
